Taxa	FN.PctWtLoss	Pleth.Weight	Glucose.Weight
A048005080	8.490562033	24.9	23.6
A048006063	7.865165594	32	29.1
A048006555	5.263155764	28.5	26.1
A048007096	7.203386778	27.2	25.7
A048010273	10.84336696	21.2	19.1
A048010371	6.395345119	21	21.7
A048011040	6.779655271	15.6	14.1
A048011287	2.702701659	29.3	27.4
A048011567	4.265400822	26.1	23.9
A048013559	8.426961558	19.4	17.7
A048015047	7.784426476	21.2	19.1
A048017615	5.339803233	23.9	23.2
A048019267	8.205123997	23.1	21.1
A048021023	6.194687524	26.4	24.5
A048022858	7.526877674	20	17.8
A048023355	8.205123997	21.5	19.7
A048023581	NA	26.3	25.5
A048028854	7.85339903	20.4	18.1
A048028871	8.292678882	23.6	22.7
A048029086	5.797098649	22.2	20.1
A048030529	NA	22.7	22.4
A048031067	2.515721688	16.8	16.2
A048031101	1.442306999	22.4	20
A048031355	5.142854204	19.9	19.8
A048031545	6.508871888	17.2	15.7
A048031769	NA	24	23.9
A048031794	2.222220988	21.5	20.5
A048031822	6.882588307	30	28.4
A048032099	7.547165065	21.5	20.6
A048032883	1.734103044	20.2	19.4
A048033069	8.474571483	21.9	20.2
A048033354	5.594401682	16.1	14.8
A048033618	8.49999575	24.3	21.9
A048034836	8.808285592	25	22.7
A048035291	3.636361433	20.8	19.7
A048035543	6.976740941	24.6	23.2
A048035553	2.631577216	18	16.9
A048035776	6.214685754	20	17.7
A048036063	11.11110617	25.7	22.1
A048036259	NA	20.4	19.5
A048037297	5.479448302	18.6	18.8
A048038018	2.259885729	21	21
A048039054	8.080804	23.5	21.9
A048040045	7.236837344	16.5	15.5
A048040526	7.602334735	18.5	16.6
A048041122	3.067482781	18.6	17.1
A048041606	5.056176935	18.1	NA
A048041617	3.91061234	21.7	19.9
A048042298	5.673754841	16.3	NA
A048042578	7.623314967	26.4	25.9
A048042626	8.839774122	20.1	18.5
A048042870	5.603445861	26.4	25.3
A048043004	6.832293893	21.1	NA
A048043525	9.999994737	21.1	19.6
A048043833	4.924240559	27.6	25.9
A048044830	2.777775849	17.1	15.7
A048045845	8.629437244	24.2	22.9
A048047040	7.428567184	19.5	18.6
A048047298	4.635758519	18.9	17.2
A048048118	NA	21.4	19.6
A048050779	1.298700455	18.7	17
A048050833	2.714930898	26.2	25.7
A048051064	4.926105948	26.5	23.7
A048051824	10.38960589	30.7	28.1
A048052595	7.456137081	26.4	24.2
A048053604	3.378376096	19.3	17.9
A048053821	5.59005864	18.3	17.4
A048053860	NA	16.7	15.9
A048054628	5.820102741	21.6	20.1
A048054885	9.958502092	28.4	26.2
A048055081	2.484470507	18.9	17.7
A048055545	4.624274784	20	19.3
A048055872	4.128438473	23.7	21.9
A048056266	13.0952329	27.5	24
A048056786	5.681814954	21.9	20.4
A048057565	NA	18.7	18
A048057587	4.907972449	NA	17.9
A048057608	7.657654208	26.2	25.7
A048057823	7.936503737	23.8	22.7
A048057883	7.499997321	30.1	28.7
A048058059	5.607474015	25.9	23.7
A048058070	7.407403978	25.8	24
A048058554	6.586822403	21	18.7
A048058769	12.04818793	28.5	25.8
A048058856	9.278345733	21.3	18.7
A048058878	6.741569246	19.7	18.3
A048059097	8.715592332	26.1	23.8
A048059117	6.172836966	29.9	28.1
A048059602	5.521469005	20.2	21.3
A048059836	6.49999675	22.7	21.6
A048060314	8.928567443	25.3	23.7
A048061051	4.901958381	24.7	23.6
A048061341	4.324321987	25.3	23.4
A048061513	6.607926604	26.3	24.5
A048061517	7.182316474	20.3	18.7
A048061864	7.100587514	24.4	23.6
A048062325	4.484302922	27.4	25.8
A048063019	9.039542916	19.6	17
A048063276	7.589282326	25.7	25.4
A048063277	4.999997222	20.4	18.5
A048063778	1.538460355	16.3	15
A048064308	1.652891196	16.1	15.3
A048064620	NA	16.3	16
A048064819	NA	15.5	15.4
A048065035	6.060602388	17.6	14.9
A048066343	7.189537785	20.5	20.2
A048066372	5.612242035	22.4	20.8
A048066594	4.590162429	NA	NA
A048067278	8.280249503	18.8	16.6
A048067524	7.692302313	19.8	17.6
A048067529	9.59595475	25.5	NA
A048067791	6.4393915	33.8	34
A048067887	1.234567139	19.7	18.8
A048068026	1.840489668	17.4	16.8
A048068077	6.282719224	20	18.9
A048068368	9.049769661	25.6	23.8
A048069001	8.333329861	27.7	24.5
A048069049	3.72670576	18.4	17
A048069514	11.11110461	22.1	19.8
A048070376	6.217613359	20.6	18.1
A048071106	9.926466939	32.7	30.2
A048071579	4.678359837	20	19.2
A048072087	5.67010017	20.2	19.4
A048072266	4.729726534	17.8	16.2
A048072521	4.666663556	16.5	14.9
A048072595	6.896547761	18.5	17.8
A048073291	8.93616641	26.8	24.6
A048073606	6.854835946	29.8	NA
A048073633	6.211176266	18.3	17.1
A048074553	7.182316474	25	24.6
A048075265	8.212556419	20.8	19.2
A048075614	4.225349137	15.7	14.9
A048076630	3.571426977	28.5	26.5
A048076855	3.311256085	18.3	17
A048077032	NA	28.7	26.3
A048078862	6.707312983	18.2	16.5
A048079075	7.053938982	26.2	23.6
A048079842	3.44827388	19.9	18.8
A048080339	6.382975328	22.5	20.6
A048080582	1.162790022	20.3	18.8
A048081308	3.921566064	19	18.5
A048081321	8.717944247	21.8	20.9
A048082329	5.681814954	22.5	21.4
A048082363	3.14465211	19.8	17.9
A048082370	6.9999965	24	22.7
A048083047	7.758617345	28	24.3
A048083517	10.06288675	21	19.9
A048083604	NA	25.6	24.2
A048084065	4.402512954	17.3	16.6
A048084549	4.109586226	18.5	17
A048084845	5.319146107	24.1	21.5
A048084850	9.663861486	27.1	26.4
A048085283	3.821653617	16.5	16.7
A048085379	1.895733699	24.5	23.6
A048086093	7.547165065	17.5	15.7
A048086277	6.763281757	24.4	22.4
A048086633	7.303366684	18.8	16.9
A048086793	4.597698507	19	18
A048086841	NA	22	20.6
A048086882	1.648350743	22	20.6
A048087831	8.064511793	20.8	18.6
A048088520	5.314007095	26.2	24.2
A048089538	6.666662963	19.2	17.7
A048090850	6.666661111	15.3	14.3
A048092264	NA	18.7	17.8
A048092534	4.390241761	21.9	20.1
A048092536	8.09523424	25.8	23.9
A048093042	7.881769516	23.1	22.8
A048093342	3.59281222	18.4	17
A048093528	5.785121576	30	28.2
A048093590	1.249999219	18.2	16.8
A048094060	4.516126119	17.8	16.6
A048094368	5.982903426	27	25.9
A048094867	8.45070125	31.3	28.8
A048096119	8.943085795	27.4	24.6
A048096523	8.292678882	22.5	21.7
A048097274	4.73372501	21.2	18.8
A048098560	8.49999575	21.7	20.3
A048098608	5.617974372	19.9	18.5
A048098790	8.290151145	20.2	17.3
A048098815	6.54761515	18.2	16.4
A048100854	6.35592951	27.4	25.9
A048101022	NA	21.9	21.2
A048101354	5.434779655	25	23.8
A048101850	6.666663248	20.6	18.7
A048102058	7.826083554	28.2	24.9
A048102062	6.666664052	31.2	29.6
A048102284	7.720585397	31.4	29.2
A048102298	6.481478481	25.5	23
A048102326	8.71368933	28.1	26.6
A048102344	NA	18.9	17.6
A048102371	5.882349481	17.9	16.6
A048102636	6.589144733	NA	27.8
A048103552	3.083699082	25.5	23.4
A048104055	5.487801532	17.5	16
A048104802	5.286341284	28.4	26.2
A048105840	6.358377828	17.9	16.5
A048106824	8.602145913	21.6	20.4
A048107106	5.833330903	29.3	27.4
A048107550	4.975121903	23.5	24.2
A048108281	8.292678882	26.2	24.2
A048108327	1.075268239	20	18.8
A048109049	10.58822907	22.6	19.6
A048109836	7.425738898	23	21.3
A048111053	5.102038213	23.4	22.3
A048111353	9.090904959	27.7	25.1
A048111516	2.985072399	15.8	16
A048111540	4.046240436	21.7	19.5
A048111820	2.777776492	26	25
A048111832	7.734802356	19.7	20
A048111851	5.911327137	24	21.6
A048112845	9.374994141	19.4	17
A048113040	5.263154432	19	17.2
A048113527	9.890104456	19.5	18.5
A048114022	1.960783032	19.3	18.1
A048114639	3.888886728	21.2	18.9
A048114787	5.759159288	20.7	19.1
A048114796	6.896547761	19.3	17.2
A048114828	6.842101662	23.2	21.8
A048114848	8.376958965	25.9	23.8
A048115324	2.150536478	21	19.2
A048115577	6.285710694	20.9	19.2
A048115586	7.766986521	25.5	NA
A048115835	7.843132129	17.2	17.2
A048115873	5.785121576	29.4	28.8
A048117617	6.54761515	18.7	17.1
A048117780	7.801412907	15.7	14.5
A048117807	4.022986194	22.2	20.5
A048117876	1.648350743	20.5	19
A048118000	2.898549324	24.6	23
A048118372	2.072537786	22.3	21.5
A048118531	6.698561388	24	21.9
A048119797	1.898732975	18.3	14.9
A048120035	7.792204419	25.3	23.7
A048120064	11.71170644	25.7	23.5
A048120298	7.344628619	17.7	16.9
A048122076	3.488370065	19.7	19.7
A048122316	7.97545523	18.1	16.5
A048122322	7.10900137	25.8	24.2
A048122545	11.35134522	20.4	18.5
A048122784	7.943921522	26	24.9
A048123293	5.056176935	21.8	19.8
A048123376	5.769227071	18.8	19.4
A048123560	9.489047632	30.1	28.1
A048124637	7.142853741	26.5	23.9
A048125004	5.696198926	22.1	20
A048125017	3.783781738	20.4	20.5
A048126293	6.363633471	24.8	24
A048126565	7.189537785	17.4	16.6
A048127320	6.341460321	26	24.3
A048127592	4.780874589	27.4	24.8
A048127848	7.894731648	18	15.6
A048127849	10.20407643	21.3	19.1
A048256056	7.207203961	26.2	24.9
A048256284	7.272723967	25.7	23.3
A048256776	9.340654208	20.5	18.2
A048257316	3.888886728	19.2	18.1
A048258376	9.426225645	30.1	27
A048258620	6.395345119	20	19
A048258834	6.467658474	22	19.7
A048258842	8.290151145	25	24.7
A048261002	1.005024621	24.1	22.8
A048261040	2.941174308	14.2	12.7
A048261072	6.190473243	29.2	26.4
A048261259	9.999994444	20.1	19.6
A048263034	4.430376943	22.5	21.1
A048263310	8.743164621	20.4	18.6
A048268784	7.035172344	20.7	18.4
A048271860	3.703701744	23.6	21.1
A048272018	8.256876946	26	25.2
A048272323	3.921566705	24.4	23.3
A048272331	8.968605844	24.9	22.4
A048272340	6.878303239	24.2	22.6
A048272564	3.73831601	24.6	24
A048272639	4.803491352	27.4	25.8
A048273042	8.403357814	27	25.5
A048273083	8.771925977	26.5	24.4
A048273303	NA	21.2	19.8
A048273349	4.225349137	17.4	16.4
A048273353	4.123709215	21.9	20.5
A048273584	6.521735586	19.3	18.3
A048273604	2.116400997	24.3	23.7
A048273784	5.405402484	25.9	24.9
A048273786	7.98121691	27	25.9
A048274015	8.108103725	25	23.4
A048274037	10.24389744	25.3	23.6
A048274070	3.22580437	18.4	NA
A048274102	6.521735586	21.6	19.9
A048274362	6.849310377	21.3	19.2
A048274606	9.417036136	25.2	22.1
A048274859	10.17543503	23.5	31
A048275273	5.970146284	23.8	22.6
A048275274	NA	19.5	17.9
A048275570	4.191614257	20.4	18.9
A048275888	4.712039418	25.7	25.1
A048276530	0.709219355	17.7	16.4
A048276532	10.07751547	30.1	27.6
A048276563	NA	20.7	20.1
A048276590	7.488983485	27.7	26.2
A048276812	5.699478912	23.5	22.1
A048276871	5.67010017	22.4	21
A048277066	3.463201964	27.2	24.9
A048277613	7.216491126	22.8	21.5
A048277802	NA	29.1	27.3
A048277878	5.755391543	17.3	16.6
A048277888	3.896101366	17.2	16.3
A048278035	NA	18.3	17.8
A048278066	5.429861796	25.6	25.2
A048278086	4.639172866	23.7	22.3
A048278103	3.191487664	21.2	20.1
A048278380	6.586822403	19.4	18.7
A048278795	4.697983424	16	15.8
A048278815	4.347823987	24.2	23.1
A048279009	2.339179919	18.7	18
A048279079	1.630433897	21.8	20.4
A048279086	NA	18.2	17.4
A048279094	6.842101662	20.4	18.8
A048280355	9.268288162	26	24
A048280359	8.938542492	20.2	NA
A048280365	NA	19.4	17.7
A048280513	7.878783104	21.1	18.9
A048280561	4.712039418	23.9	22.5
A048280877	4.999996429	17.9	16.5
A048281301	9.444439198	22.1	19.3
A048281589	5.681814954	18.3	17
A048281772	7.45097747	28.7	25.7
A048281893	3.870965245	24	16.7
A048282019	3.278687181	29.1	26.8
A048282069	4.23728634	26.4	26.4
A048282323	3.72670576	18.5	17.8
A048282361	5.527635413	21.5	20.2
A048282364	4.945052228	24.8	23.4
A048282532	1.069518145	20.9	19
A048283332	8.854162055	23.8	22.4
A048283353	8.181814463	23.3	22.8
A048283514	6.60377047	25.6	26.1
A048283521	3.550293757	20.8	20.3
A048283599	4.201678907	26.4	25.1
A048283621	4.597698507	18.9	17.4
A048283853	6.849311941	25.2	22.6
A048284577	6.010925677	20.5	NA
A048285264	NA	16.7	NA
A048285543	8.648643974	21.1	19.1
A048285627	2.739724776	27.2	25.3
A048285875	3.030301718	27.2	24.6
A048286078	NA	23.1	22.8
A048286335	2.162160993	23.7	22.6
A048286571	8.092480871	20	18.8
A048286851	6.451608741	17.4	16.3
A048287013	5.627703191	27	25.8
A048287563	-0.561797437	18.8	17.7
A048287619	7.5697181	29.2	25.6
A048287855	3.550293757	19.3	18.2
A048288313	6.698561388	26.3	25.3
A048288364	5.820102741	21.2	19.2
A048292804	8.823525087	25.3	24.2
A048292860	6.694557868	28.2	NA
A048296850	7.727269215	25.7	23.4
A048297050	1.526716975	32.4	29.5
A048297770	8.720925162	19.7	18.9
A048299053	3.260867793	20.1	18.9
A048299526	NA	23.7	23.1
A048300274	8.10810263	19.4	17.6
A048300286	4.705879585	20	19.3
A048300546	NA	23	20.8
A048301370	7.291662869	22.8	NA
A048301565	4.794517264	18.1	16
A048302637	3.508770391	24.6	22.5
A048302801	4.494379498	23.6	23.8
A048303261	2.758618787	16.4	15.2
A048304031	4.188479482	22.1	20.5
A048305265	6.132072579	27.2	24.9
A052525850	5.025123103	22.5	21.4
A052529313	10.46024667	29.2	27.4
A052530595	7.142853218	24.5	21.9
A052538059	1.734103044	20.1	18.4
A052545836	3.797465951	17.3	15.7
A052552092	7.432427411	19	17.9
A052553296	9.999996296	32.4	30.7
A052553589	3.57142602	15.3	15
A052554317	3.378376096	18.6	17.5
A052555539	4.669258884	29.8	20.2
A052556361	0.432900245	27	25.8
A052569537	7.171311884	28	28.8
A052589120	7.916663368	NA	24.8
A052589333	9.589036717	26.5	26
A052592018	8.085102943	28.8	26.7
A052597567	7.766986521	25.2	23.6
A052598083	7.84313341	22.5	19.9
A052602081	5.851060718	22.4	21.6
A052609588	3.10077279	15.8	14.7
A052610048	3.045683733	22.5	19.4
A052616855	2.617799677	21.1	19.5
A052618008	6.046508816	24.8	22.8
A052619346	5.291002492	19.5	18.4
A052619562	5.882349481	18.4	16.4
A052620834	8.627447597	29.4	26.6
A052621017	6.55021548	26.7	28.6
A052623359	5.494502476	20.7	NA
A052623584	7.042248562	16	13.9
A052624066	5.913975315	21.7	19.7
A052624514	3.40135823	18.6	17.1
A052624782	6.382975328	24.1	21.2
A052625275	5.303028294	29.9	27.7
A052628570	10.20407747	30.2	27.2
A052629363	4.824559287	29.1	27.5
A052631282	6.926403928	26.2	NA
A052634603	6.321835447	21.7	22.3
A052634623	10.24095769	18.4	16.4
A052634816	5.882350279	26.4	24.2
A052635259	5.88235047	27.8	25.9
A052638360	6.770829807	21.5	20
A052780082	4.999997222	22	21.7
A052781842	5.128201841	18	16.9
A052781845	5.714282449	19	17.4
A052782850	7.729464865	25.4	23.5
A052787883	0	27.3	26
A052792353	6.756753713	26	25.2
A052795037	5.042014688	26.3	24.9
A052796857	4.999997727	25.8	25
A052798557	8.677682365	27.1	25
A052799267	11.60220353	20.1	18.4
A052799328	5.789470637	21.8	19.6
A052800382	4.624274784	20.5	19.1
A052801541	5.759159288	20.9	19.8
A052808283	5.909088223	24.2	24.1
A052811355	2.732238944	21.4	19.7
A052812594	7.85339903	21.8	19.5
A052819094	5.583753511	22.3	20.7
A052828076	7.207203961	22.8	21
A052838073	6.372545896	24.4	22.3
A052842597	6.842101662	20	18.8
A052844109	3.553297689	21.6	20.4
A052845545	1.746724128	27.3	26.6
A052845832	9.411761015	31.4	28.8
A052846805	6.030147724	22.4	22
A052848257	4.374997266	17.8	16.5
A052849122	0.738007108	30.1	28.8
A052849123	6.874995703	18.6	17.5
A052851552	2.824857161	19	18.5
A052852067	4.519771458	21.4	21.4
A052852070	6.367038814	31	27.9
A052853802	3.589741749	22.9	21.2
A052854269	4.932733214	25.8	24.7
A052856103	5.714282993	25.7	23.6
A052857123	6.172836966	26.5	24.4
A052857857	7.024790486	28.2	26.8
A052858890	9.166662847	28.4	26.5
A052861821	6.140348184	26.5	24.5
A052862319	4.926105948	23.8	21.9
A052863022	5.785121576	27.4	25.2
A052870852	7.272723967	25.4	22.8
A052873779	3.271026509	24	22.8
A052877118	8.502020849	28.7	27.4
A052888127	4.324321987	22.6	25.3
A052888590	3.91061234	19.4	17.6
A052888591	5.479449553	27.1	25.5
A052892316	5.970146284	22.7	21.4
A052892872	4.433495353	22.7	21.5
A052893788	1.212120478	18.8	17.1
A053002052	6.54761515	18.4	18.2
A053013093	6.967210259	27.4	25.5
A053023380	5.759159288	21.5	20.8
A053024601	10.4247064	27	25.6
A053026587	6.493503682	27.7	25.2
A053026818	5.586589058	NA	18.2
A053027117	5.583753511	22.7	20.6
A053028102	5.820102741	21.1	19.1
A053029369	5.913975315	20	28.5
A053029791	5.660373799	18.2	16.7
A053030292	7.228912759	27.4	25.1
A053031772	5.434779655	21.4	19.8
A053035844	4.166664738	NA	26
A053037776	2.702701242	21.6	20
A053037880	4.411762543	22.2	20.5
A053042270	6.849311941	24	23.6
A053044603	4.597698507	20.2	20.2
A053048603	9.444439198	20.4	18.4
A053052635	4.564313459	33.2	30.7
A053053012	5.142854204	19.5	18.3
A053053096	8.9005189	22	20.1
A053054340	6.792450267	30.4	28.5
A053054528	4.145075572	20.5	19.1
A053057796	5.521469005	19.2	18.3
A053058379	1.626014938	14	13.3
A053059356	5.607474015	23.1	22.1
A053063281	8.57142449	23.4	19.9
A053063855	6.965170664	25	24.1
A053066863	6.629830591	20.7	18.4
A053068315	5.579396747	26.5	25.5
A053068775	9.163342963	32	29
A053070383	3.157893075	20.4	19.4
A053073028	4.347824512	31.1	29.2
A053074016	3.954800026	19.9	18
A053075376	8.717944247	24.2	22.3
A053075572	0	21.7	17.2
A053075810	7.826083554	27.4	25.8
A053076035	6.639001395	27.8	25.6
A053077810	6.866949843	27.4	24.6
A053078842	4.123709215	22.2	19.9
A053081284	6.24999566	17	15.1
A053083044	9.345790025	26.5	NA
A053083824	4.761902242	20.1	19
A053084062	5.095538156	18.3	16.7
A053085267	13.13867654	15.2	13.2
A053086377	9.459455198	26.4	25
A053096770	9.163342963	29.4	28.1
A053098266	5.154636518	18.3	19.9
A053101275	7.821224681	23	21
A053102110	1.075268239	23.6	21.2
A053104274	6.465514455	24.8	24.1
A053104836	2.222220988	20.8	19.6
A053109294	2.510459201	29	27.1
A053111539	2.013421468	16.1	14.8
A053112576	7.920788158	21.5	20.2
A053113372	7.106595377	NA	23.5
A053115580	5.339803233	25.1	22.8
A053117273	10.74379721	28.5	27.7
A053118815	3.977270467	20.2	18.5
A053119096	3.684208587	21	19.5
A053121340	7.307689497	30.8	29.5
A053121348	6.369422695	20.9	20.7
A053121776	11.00477942	24.3	22.5
A053121786	4.761901927	19.5	17.3
A053123328	4.201678907	28.6	27.5
A053126610	4.117644637	19.3	18.2
A053259595	4.477609713	28	21.3
A053268028	6.808507741	27.1	26.2
A053273558	5.384613314	NA	29.1
A053274515	9.223296494	24.3	23.5
A053278519	7.831320584	20	17.8
A053278526	7.207203961	27.2	25.5
A053278534	8.045972387	18	17.6
A053279798	0	21.7	20.1
A053306061	4.651160087	19	17.5
A053309610	5.454542975	24.7	24
A053310123	8.520175551	26	NA
A053310771	0	18	17
A053311315	7.006364964	17.8	15.8
A053314371	3.076921499	24.4	23
A053315089	6.122445856	23.5	22.4
A053324619	8.26771328	29.4	27.4
A053325844	5.371898607	29.4	26.6
A053327638	8.717944247	25.3	23.8
A053328342	4.102561999	23	21.8
A053328630	5.660374689	24.1	22.7
A053329319	4.320984987	18.4	16.1
A053334598	2.515721688	18.2	16.4
A053334608	4.405284403	27.1	25.6
A053344037	5.825239891	21.4	18.6
A053345270	5.439328268	27.2	NA
A053345354	5.142854204	20.3	18.5
A053347109	3.539821443	26.4	25.1
A053347368	3.846151733	21	18.4
A053348357	5.627703191	28.6	26.8
A053349036	4.145075572	21.2	19.6
A053349313	8.173072994	24.4	22.7
A053350345	6.949804266	33.5	31.4
A053350557	4.2105241	21.3	20.3
A053357326	6.666663704	26.4	24.2
A053357344	3.571426749	21.6	19.5
A053363022	5.357139668	18.8	17.5
A053363287	6.772905668	28.8	27.1
A053364292	4.583331424	26.7	26.5
A053366615	5.031443376	21.1	20.9
A053368562	8.547004894	27.2	25.9
A053370831	7.45341152	19.1	16.6
A053372091	5.076139555	24.2	21.4
A053373276	6.508871888	18.1	16.5
A053374870	5.11627669	25.4	23.1
A053375835	8.9005189	20.7	NA
A053376341	5.102038213	22.6	20.5
A053377861	3.409088972	19.2	17.9
A053380881	7.692304212	25	25.1
A053381362	4.901958381	21.9	20.2
A053382037	5.714282993	25	22.9
A053512777	3.804345759	20.1	18.9
A053515788	5.128201841	18.1	16.3
A053517124	4.232801993	21.4	19.5
A053521596	4.838707726	29.4	26.5
A053523614	3.488370065	19.6	18.5
A053524010	3.940884758	21.5	20
A053537328	10.82473669	20.7	18.9
A053538123	8.979588172	28.4	25.5
A053542615	2.994010183	19.1	17.7
A053543610	6.58435943	28	26.3
A053544524	4.641348253	NA	28.3
A053546593	4.326920997	24.3	22.8
A053547773	4.827582878	17	15.5
A053548812	3.755866781	23.8	22.8
A053550328	5.263155764	29.8	26.7
A053557530	NA	23.3	22
A053558768	4.184098668	NA	28.2
A053559068	5.319146107	22.4	22
A053560346	3.539821443	26	24.6
A053561870	10.50227831	24.3	24.2
A053562842	8.695647973	24.7	23.3
A053563030	5.063287935	NA	15.3
A053563588	3.93258206	18.3	17.4
A053564374	5.978257621	20.7	19.2
A053564582	9.243693595	24.5	22.4
A053565037	3.448273484	17.1	16.6
A053568862	1.315788608	17.1	16
A053573885	7.19999712	29.2	28.5
A053575633	4.812831651	21.4	19.2
A053576623	1.744185032	19.7	17.5
A053577791	7.594931902	17.8	16.3
A053579560	3.030301194	20.6	19.2
A053581777	7.650269044	20.7	18.7
A053582632	3.960394079	24	22.7
A053583098	9.090904959	25.4	NA
A053583638	10.22221768	24.3	22
A053589026	7.177030059	25.7	23.4
A053592775	5.603445861	27.7	25.8
A053593532	0.757575184	15	14.2
A053594023	5.150212382	27	28.1
A053596619	4.787231496	20.8	18.4
A053597769	7.303366684	19.6	17.5
A053603357	8.1339674	24.5	21.8
A053606015	3.49999825	22.8	22.2
A053607343	6.508871888	19.5	18.5
A053607576	6.172835696	20.9	19.7
A053607586	4.255316131	17.1	15.5
A053608073	4.787231496	21.6	18.6
A053610544	0.85836873	27.8	25.8
A053610614	5.027930152	19.6	18.4
A053611080	6.037733571	31.1	29.8
A053611854	2.553190403	26	24.1
A053611862	5.327866669	28.8	27.1
A053612768	11.35370683	25.1	24.5
A053613021	2.764975684	25.5	23.8
A053614004	7.630519024	NA	29.5
A053614010	4.519771458	20.4	18.5
A053615533	0.714285204	15.2	14.5
A053615847	5.128202498	23.2	22.4
A053616020	7.766986521	25.5	23.7
A053616035	6.806279159	22.5	21.3
A053616606	9.045221585	22.2	20.4
A053617622	3.597119714	17.2	15.7
A053617890	6.122445856	23.1	21.7
A053619006	3.571426977	25.5	24.6
A053619368	5.633798849	16.2	15.1
A053620586	6.611567516	27.1	24.7
A053622311	6.167398164	26	24.2
A053622625	6.763281757	25.4	23.2
A053622854	2.721086584	19.6	16
A053624045	4.6931391	31.2	28.8
A053625123	9.160301847	29.5	26.5
A053625512	5.369123913	16.6	15.7
A053625622	8.670515219	19.6	17.4
A053625627	4.73372501	20.1	18.3
A053625841	6.008581112	26.8	24
A053627520	6.557374362	28.2	26.4
A053627600	5.857738135	29.3	26.7
A053627847	7.042250215	26.6	24.1
A053627872	0.540540248	19.8	18.6
A053628118	6.666663889	28	NA
A053628616	9.090904959	28.2	25.9
A053629514	7.692303994	23.1	22
A053774578	7.253882252	22	20.4
A053776778	3.584228106	32	30.6
A053777555	1.769909938	13	NA
A053781297	4.545451594	NA	15
A053785895	5.921048736	17.7	15.7
A053786092	8.098588698	32	29
A053790005	7.755098875	28	25.5
A053791356	0	17	16.5
A053796333	1.310043096	26.2	26.1
A053798358	7.142853741	25.3	23.3
A053802801	4.519771458	19.8	17.5
A053804113	5.045869245	25	24.5
A053811085	3.296701485	20.4	19.7
A053812366	2.732238944	19	17.6
A053819563	5.303028294	29.4	27.6
A054084284	8.90410349	16.7	14.6
A054090550	6.224063807	28	26.1
A054091270	4.060911644	24	23
A062882537	7.661287233	25.9	23.2
A062882785	6.48648298	19.4	18.1
A062882891	6.463875869	NA	29.3
A062884359	5.945942732	20	18.4
A062893089	10.58823114	34	29.6
A063001812	7.661287233	29.4	27.8
A063003538	3.62318578	16.3	15.4
A063004568	3.389828593	18.9	18.3
A063004820	5.468747864	NA	27.6
A063004831	4.306218035	23.7	21.2
A063006041	2.10526205	20.8	19.1
A063007024	5.078123016	27.8	24.9
A063007072	5.855853218	26.7	25
A063009019	2.538069778	22.4	20.3
A063009106	5.213267671	22.5	NA
A063009115	9.448815178	29.6	28.2
A063010041	7.239815729	26.2	24.5
A063011268	7.009342519	26.3	22.2
A063012272	NA	27	25.1
A063014029	7.602334735	20.3	16.4
A063014272	5.240172384	27.6	NA
A063119082	9.787229878	26.9	23.8
A063119632	8.823525087	21.7	19.8
A063120277	4.864862235	NA	20
A063120574	5.434779655	NA	19.2
A063124801	2.923974898	NA	19.2
A063126608	-0.61728357	17.7	16.8
A063127584	-0.454545248	26.9	25.2
A063259066	12.54354964	32	28.6
A063259583	9.547733896	21.6	19.1
A063259874	8.333329475	24.3	22.1
A063260315	6.751052004	27.3	25.4
A063261299	8.333328704	22.1	21.1
A063261563	3.743313506	NA	19.2
A063263078	5.213267671	25.4	24.3
A063263382	5.825239891	23.9	21.8
A063264860	3.124998047	17.8	15.8
A063265108	NA	24.4	25
A063265806	4.31034297	26.7	25
A063265847	10.72796524	27.3	26.8
A063266615	8.144792695	24.9	21.8
A063266797	9.876539145	25.3	22.9
A063267036	4.123709923	33	28.8
A063267846	11.37123366	NA	30.1
A063268335	10.54545071	NA	29.6
A063268860	6.639001395	26.2	24.7
A063269056	6.341460321	NA	20.8
A063269306	7.194242016	NA	32.2
A063270100	4.910712093	25	22.1
A063271372	5.323191892	NA	30.7
A063272043	5.555552126	20.6	18.1
A063272099	3.030301194	NA	17.1
A063310029	9.0909045	21.8	20.9
A063311623	9.090905334	26.6	25.1
A063312102	5.660373799	18.4	17.2
A063312867	3.93258206	21.2	18
A063336815	5.263155376	23.5	22.2
A063338541	8.974355139	31.9	28.8
A063338625	9.574462992	24.1	21.8
A063339889	7.006364964	17.8	15.8
A063341535	6.557374362	27.7	25.5
A063341852	10.36035569	25.2	21.4
A063342341	1.714284735	20.4	18.8
A063342593	6.249996995	22.1	20.6
A063344541	9.91378883	28.4	25
A063345052	3.652966369	26.3	25
A063345573	2.976188705	18.7	17.5
A063345585	1.86335288	19	17
A063345605	-0.613496556	18.2	17.1
A063345789	8.284018767	17.3	16.3
A063346080	1.382487842	27	25.1
A063347541	6.632649677	21.4	18.9
A063347594	2.880657251	28.9	26.4
A063349069	8.490562033	24.7	22.4
A063350017	7.042251041	31.6	28.1
A063350277	4.477609713	24.4	22
A063350378	10.40891806	NA	30.7
A063350516	5.08474289	19.1	17.5
A063353878	6.632649677	22.2	20.2
A063354863	4.780874589	32.1	NA
A063355515	5.761314502	27.3	25.4
A063355573	4.147463527	22.9	21.3
A063356301	9.465016681	29.2	27
A063357294	2.994010183	21.4	18.8
A063357298	2.116400997	22	19.9
A063357846	8.934704833	25.8	28.8
A063359003	5.639095624	24.4	28.3
A063360058	9.952601918	NA	20.8
A063360567	7.44680455	22.1	22.1
A063360630	3.28947152	NA	15.9
A063361558	5.882349796	20.3	18.2
A063361614	4.109587165	26.9	24.9
A063362018	3.191487664	20.7	18.9
A063362599	5.263155376	25.1	22.3
A063362614	7.539679548	28.4	27.7
A063365378	8.154502938	27.3	23.5
A063367095	2.347416738	24	21.4
A063367282	3.846151733	20.8	19.6
A063368083	3.680979337	20.1	18
A063368573	6.493502277	17.5	16.3
A063368577	2.222220988	22	18.9
A063369287	8.045973929	32	30.8
A063369379	5.673754841	26.9	NA
A063369578	11.57894127	20.7	18.6
A063369834	5.485229753	26.6	24.9
A063370794	2.259885729	20.9	19.3
A063371075	9.374996338	27.8	25.6
A063371349	7.883814156	27.3	25
A063371614	3.804345759	19.1	18.1
A063372587	7.567563477	NA	19.2
A063373769	8.558554703	24.9	23.6
A063373814	7.053938982	27.8	NA
A063374271	5.59005864	18	16.7
A063374804	10.85713665	19.7	17.4
A063375363	8.465603986	NA	20.4
A063375825	2.659573053	20.1	18.3
A063375850	5.917156262	20.3	19.1
A063376082	6.185563822	NA	NA
A063377119	8.680552541	NA	31.5
A063377257	4.938269573	26.5	24.2
A063378534	9.944745887	21	18.3
A063379048	5.882349097	NA	16.4
A063379267	4.858297628	28	26.5
A063379275	9.550556432	19	NA
A063379804	4.444441975	20.4	19
A063380380	8.93616641	27	24
A063380592	8.823525087	21.7	19.6
A063381020	3.351953435	19.6	18.1
A063381303	1.739129679	NA	22.7
A063382002	3.73831601	26.5	23.8
A063382285	6.511624878	23.4	21.3
A063382564	2.631577562	21.8	19.3
A063383006	NA	20.6	19.9
A063383025	5.376342159	25.8	29
A063383513	10.21504827	20.1	18.5
A063383622	7.142853499	21.9	20.7
A063383811	9.917351274	26.1	23.2
A063512847	6.395345119	19.6	18.4
A063514006	7.723574096	26.6	25
A063514274	5.703419885	30.4	29.9
A063514300	5.882349481	17.8	17.5
A063515074	6.10328352	23.9	21.9
A063516577	5.714283382	27.4	25.9
A063516780	2.996253559	29.3	26.4
A063519591	5.357139668	19.6	17.4
A063521602	8.417505583	32.1	30
A063521788	5.235599353	22.1	21
A063521838	7.539679548	29.7	26.7
A063522330	4.761903018	30.8	28.2
A063522546	9.039542916	22.5	20.7
A063522597	0.675675219	17.4	15.8
A063523258	7.234039475	25.6	24.5
A063523330	9.937882026	19	16.8
A063523616	6.763281757	23.9	22.7
A063524613	4.145075572	21.2	19.3
A063525626	4.469271246	NA	18.4
A063526548	6.134965561	18	16.6
A063526602	6.870226385	NA	28.4
A063527798	1.562499186	21.6	20.2
A063527856	5.963300017	24.9	21.8
A063528111	7.307689497	NA	28.2
A063529600	4.651160087	19.8	17.9
A063531029	7.142854458	NA	27.1
A063531580	5.652171456	25.2	22.1
A063532060	8.235290888	NA	25.1
A063534369	5.80912622	29.9	26.7
A063534561	7.812495931	21.4	20.2
A063535101	7.630519024	26.7	23.9
A063536564	2.994010183	18.7	17
A063537072	7.142853499	25.5	22.5
A063538058	5.113633458	21.4	18.9
A063538364	6.666662626	18	17
A063538623	2.185791155	NA	19.2
A063540827	12.45551158	34.4	30.3
A063541024	NA	20.2	19.7
A063541051	4.03587263	27.5	25.8
A063541614	7.10900137	23.8	22.6
A063541831	5.309732164	27.1	24.4
A063543090	8.144792695	25.3	22.4
A063543622	2.985073142	26.4	24.1
A063544096	5.511808854	32.8	29.4
A063544780	5.622487702	31	30
A063545009	6.249996449	21.9	19.2
A063545810	5.829593798	25.6	21.8
A063545824	6.746029069	29.8	28
A063546518	0.662251217	NA	16.3
A063546566	4.489794086	29.5	25.5
A063546872	4.184098668	27.5	26
A063547877	7.44680455	20	18.5
A063548317	NA	27.2	25.8
A063549863	3.292179715	27.1	25.4
A063550874	2.259885729	21.1	19.4
A063551076	6.249997396	28	24.9
A063551096	6.737586263	30.8	28.1
A063551337	5.418716543	22.7	20
A063551369	5.504584631	28.2	25.9
A063551600	7.968124315	NA	26.2
A063553007	5.59999776	27.4	24.8
A063553009	4.639172866	21.9	20.8
A063554022	9.836061543	26	23.1
A063554583	7.558135141	20.6	18.7
A063554885	0.896860584	26.7	NA
A063555126	5.945942732	20.9	19.3
A063555877	8.189651642	28.4	25.4
A063556563	4.745761103	32	28.1
A063557365	7.189537785	17	15.1
A063557573	4.301072956	20.8	20.2
A063557808	5.701751885	26.4	23.9
A063567352	11.17020682	20.5	18.3
A063568001	NA	29.1	26.9
A063569370	7.731954777	NA	20.4
A063570285	4.977373313	27.4	26.2
A063571569	5.762709911	33.3	29.5
A063571604	6.98529155	32.3	28.6
A063572073	5.633800172	24.3	21.9
A063572633	2.222220988	21.1	19.1
A063573313	6.97674013	19.5	17
A063573555	8.724829287	33.2	31
A063573561	2.580643496	18.8	NA
A063575272	5.6680139	27.8	24.7
A063575342	4.487176611	19.3	17.6
A063575518	10.4693103	32.1	28.2
A063575829	7.777774897	29	25.3
A063576534	7.865165594	29.5	26.4
A063577627	9.883715184	19.8	18
A063578568	11.74088593	28.6	26.4
A063578615	8.530801644	25.5	23.5
A063578768	0	16.6	14.9
A063580838	7.006364964	18	16.2
A063583848	6.018515732	26	24.7
A063584892	9.465016681	25.5	25.1
A063599376	6.329111254	27	25.3
A063600005	3.468206088	19.5	17.4
A063602575	7.0707035	21.3	19.9
A063604338	4.597698507	20.2	17.6
A063604368	3.614455654	20	17.9
A063604629	6.741569246	20.7	18.7
A063604816	NA	27.1	25
A063604845	5.617974372	18.8	15.6
A063605029	9.090904229	20.5	19.3
A063605347	6.698561388	25.3	23.3
A063605367	6.703906869	20.6	18.8
A063608034	10.15872693	35	32.6
A063608810	4.575160408	17.6	16.4
A063609043	11.97916043	22.2	19.4
A063609335	4.306218035	26	24.2
A063610105	8.677682365	27	24.5
A063610310	6.926403928	29.2	27
A063610516	1.470587514	24.5	24.6
A063610561	6.382975328	20.6	19
A063610617	7.594933504	28.9	25.6
A063611105	10.75268239	20.2	18.6
A063611117	4.864862235	20.6	18.3
A063611258	6.976740941	25	22
A063611301	7.729464865	23	21.8
A063612068	1.117317812	23.5	21.4
A063612603	4.065037345	14.5	13.5
A063612773	9.345790025	25	22.3
A063613325	6.632649677	22.3	20
A063613839	6.986896512	26.7	24.7
A063614105	5.617974372	20.1	19
A063614623	3.286383434	24.4	22.8
A063614772	0.558658906	21.3	18.7
A063615105	6.249996745	20.9	19.5
A063615826	8.407075926	26.3	23.9
A063618331	4.918030099	21.8	20.3
A063618334	4.597698507	19.7	17.9
A063618351	7.38635944	19.9	17.9
A063618834	6.153843787	30.3	28.2
A063619116	5.687201096	25.6	23.2
A063619274	5.583753511	24.3	23.1
A063619860	4.566207961	25.8	25.4
A063620055	6.918234643	17	NA
A063621256	7.843134179	29.9	27.3
A063621336	6.521736295	25.9	24.1
A063622326	6.97674013	19.2	17.4
A063623288	3.164554959	18.8	17.1
A063623891	7.929511925	24.4	22.4
A063625788	8.438815005	27	23.5
A063626582	6.719364933	28.5	26.3
A063629895	5.882350279	23.7	21.7
A063630303	8.65800491	26.5	23.4
A063630607	5.031443376	NA	17.2
A063632089	5.859372711	28.2	26.8
A063632293	6.698561388	24.2	23.1
A063632875	10.0418368	28.8	25.4
A063634356	5.957444273	27	25.9
A063635803	8.225104664	24.5	24.1
A063636061	6.382976007	NA	26.1
A063637123	8.411211023	24	23.9
A063638035	1.234567139	19.4	NA
A063638108	3.999997714	20.7	19
A063768029	12.49999421	23.3	21
A063768269	9.359601301	23.2	20
A063769277	4.830915541	25.3	23.9
A063770090	5.882349097	18.1	16.6
A063770277	4.932733214	23	21.3
A063771357	5.524858826	20.2	18.4
A063772262	7.0707035	22.2	19.9
A063772352	6.666662963	20.4	17.9
A063772894	8.333329678	25.1	24.6
A063773074	3.067482781	19.5	18.3
A063773299	8.163261141	22.8	19.5
A063773367	9.128626918	27	24.4
A063775561	8.888883951	20.4	18
A063775856	1.398600421	16.2	14.8
A063777011	3.947365824	17.5	16.4
A063777532	6.976740941	26	24.5
A063778259	NA	23	19.8
A063779516	3.896101366	17.4	15.2
A063779838	0.581395011	19.9	18.8
A063784615	8.121823288	21	18.7
A063787304	5.154637404	33.8	30.1
A063788521	6.635067945	24	22.4
A063789566	4.89130169	20	17.2
A063789585	6.493503682	NA	21.7
A063789782	5.17241082	19.4	18.7
A063790079	7.772016698	22.3	20.5
A063790268	5.504584631	24.7	23.7
A063790772	7.083330382	27.5	26.2
A063791068	11.6591876	25.3	22.3
A063792845	5.202309132	18	17.1
A063793601	7.305932737	27.2	25.5
A063795281	8.675795125	25.2	22
A063796366	2.453986225	20.5	18.9
A063797783	10.101005	20.8	18.9
A063798057	3.821653617	18.6	16
A063798078	9.714280163	19.6	18.3
A063798598	4.347823386	18.2	16.5
A063799614	4.827582878	18.2	NA
A063800540	3.092781911	23.6	21
A063800843	4.54545225	22	20.5
A063801090	5.490193925	30	26.3
A063801554	3.174601915	28.3	24.5
A063802607	5.527635413	24	20.3
A063802835	8.154502938	27.8	25.2
A063802870	9.999995652	26.2	24.5
A063804009	4.191614257	20	18.6
A063804552	6.629830591	20.5	18
A063806359	10.31389672	25	23.5
A063807802	6.034480158	25	NA
A063807887	7.352937572	24	22.2
A063808624	5.235599353	23.1	20.7
A063808790	5.194802946	27.1	24.1
A063810348	4.878045806	19.6	18.2
A063811098	NA	33	29.7
A063812087	8.888886067	36	32.6
A063812098	8.860753886	17.3	16.5
A063812869	NA	20.8	NA
A063813024	9.354835692	35.4	32.4
A063813601	NA	26.8	25.4
A063815560	5.128202937	27.6	26.3
A063816580	5.142854204	20.3	18.8
A063818533	6.372545896	24.6	22.7
A063819817	5.434779655	21	NA
A063820535	4.999997222	21	18.9
A063820626	8.620686683	34.2	29.7
A063820850	10.74765853	23.3	22.5
A063821291	1.72413694	20.7	19
A063822811	7.905135215	30.6	29.3
A063823314	3.508769878	19.2	17.9
A063823801	6.382974196	18.6	15.4
A063823828	10.68375612	27	25
A063825775	8.994704236	21.2	19.2
A063832352	2.380950964	18.2	16.7
A063832587	8.154502938	28	25
A063832617	4.117644637	19.7	18.7
A063832855	7.59999696	28.5	26.2
A063834324	12.44634659	25.5	23.7
A063834829	7.142852891	20.3	NA
A063835873	2.739724151	16.1	14.8
A063836584	1.785713223	18.4	NA
A063836639	7.692303748	22.3	20.5
A063837274	9.999995833	28.4	26.6
A063837530	NA	30	26.4
A063837548	NA	29.1	27.5
A063837833	6.172836966	27.9	28.8
A063838121	2.777776235	20.1	18.6
A063838593	5.841922391	32.5	29.9
A063839061	8.810568806	25	23.4
A063842319	7.392993232	31.1	27.7
A063842855	7.296134208	26.6	25.3
A063844091	4.494379498	19.7	18.8
A063847121	7.792204419	28	25.1
A063852837	4.494379498	20.5	17.8
A063853635	6.161134521	25.5	23.1
A063854023	8.898301314	NA	26.9
A063855321	10.48386674	26.3	24.4
A063855559	7.216491126	20.7	19.4
A063855575	NA	17.6	16.7
A063855885	5.263154817	19.1	16.7
A063856573	5.338076392	32	29.1
A063857039	10.48034477	22.8	20.3
A063858113	6.220092718	24.5	20.7
A063858827	4.188479482	23	20.8
A063859291	8.333330026	NA	31.3
A063860035	8.260865974	27	24.4
A063860051	12.37112764	25.6	24.2
A063860103	5.228754752	18.1	16.6
A063860589	8.415837418	21	20.6
A063860779	6.172835696	NA	18.4
A063861561	5.57491095	33.1	28.8
A063861603	7.407403488	NA	23
A063861871	5.55555275	22.7	19.6
A063864876	5.729163683	21.5	19.2
A063865861	11.55555042	25.4	23.2
A063866069	7.722004741	28.6	25.8
A063867312	6.043952723	20.1	18.2
A063867785	6.181815934	34	30.7
A063870525	7.103821255	20	18.5
A063871632	6.282719224	23	20.6
A063873017	7.720585397	31	29.1
A063873529	6.410253671	28	26.6
A063874046	3.26530479	26.7	22.8
A063875112	6.691447327	29.3	26.8
A063876111	9.677413111	19.3	18
A063878032	4.265400822	25	22.1
A063878111	0	19	17.2
A063878863	5.999997	22.2	19.1
A063882361	7.394363594	30.2	27.9
A063883335	5.045869245	22.7	21.4
A063885881	4.945052228	19.2	18.4
A063888055	11.39895782	23.5	21
A063888574	7.327583048	26.2	23.9
A063888627	4.464283721	27.5	25.9
A063889081	3.124998047	18.1	16.5
A063892352	7.725318573	NA	22.9
A063892782	9.146335886	18.9	16.8
A063893087	7.253882252	24.4	23.6
A063893371	5.649714322	20.4	18.2
A063894836	7.179483498	22.5	19.8
A063894847	1.999999	25.5	23.1
A063895000	5.999997	23.1	21.8
A063895344	7.339446175	22	20.7
A063895878	3.896101366	18.1	16.8
A064000032	7.499997656	33.5	30.6
A064000044	3.141359612	20.9	19.5
A064001839	9.278347327	32.2	28.7
A064002882	2.439022903	20.4	17.3
A064002891	6.34920383	NA	25.3
A064003018	4.433495353	25	23.7
A064003520	4.999996429	16	14.7
A064003628	10.71428146	27.8	25.7
A064003784	2.312137392	19.1	NA
A064004534	6.451610302	27	25.9
A064005323	5.78034348	18.6	17.7
A064005775	6.060603765	29.2	27.5
A064008029	3.067482781	18	NA
A064008513	6.572766867	25.2	22.3
A064009012	-0.534759072	23.8	23.7
A064010088	8.021386085	21.2	19.6
A064010366	10.93116966	27	25.3
A064010381	12.7489989	28.8	26.4
A064011272	5.77777521	28.4	26.1
A064011604	8.593746643	29.4	25
A064012291	10.98900696	32	29.5
A064012882	8.496726473	16	14.7
A064014380	9.745758582	26.8	24.6
A064014880	9.777773432	27.4	26
A064015058	6.367038814	28.4	25.7
A064017019	7.246373311	25.4	23.9
A064017081	4.838707076	21.7	19.2
A064017595	6.122445856	23.4	21.3
A064017802	4.519771458	19.2	17.6
A064018072	NA	22.6	20.5
A064018597	7.602334735	23.1	21.5
A064018792	6.451610302	24.4	23.7
A064018793	8.878500524	24.6	22.1
A064018874	7.142853499	22.4	20.6
A064019568	2.843600548	27.2	24.8
A064020024	6.949804266	27.9	27.3
A064020036	6.372545896	23.3	21.5
A064021513	4.186044565	26.5	24
A064021773	5.617974372	20.6	18.6
A064021838	6.842101662	21.3	19
A064021862	3.773582532	18.4	17
A064022833	10.11235576	30.4	29.2
A064026354	7.368417175	20.2	18.8
A064027312	1.829267177	NA	17.3
A064028336	2.409637103	19	18.8
A064028563	6.395345119	20.3	17.1
A064029073	4.641348253	26.8	25.4
A064030599	2.732238944	21	18.9
A064032010	2.366862505	20.3	19.3
A064032352	6.557373466	18.7	17.8
A064033059	8.620685939	25	21.8
A064033524	7.936503737	25	22.2
A064033626	5.179280805	28.7	28.1
A064034866	5.555552984	25.7	22.8
A064034869	5.555553498	31	27.6
A064035552	6.015033071	17.3	15.8
A064035829	6.324108172	32.6	30.7
A064036005	7.843132129	17.8	15.4
A064036871	6.806279159	23.4	21.5
A064036879	6.321835447	19.8	18
A064037307	8.888884938	26.1	22.8
A064038096	5.208330621	24	22
A064038309	5.41666441	27	24.9
A064038554	4.672895013	26.3	23.8
A064038874	4.347823724	20.9	19
A064039256	7.428567184	NA	17.7
A064040310	6.392691145	24.8	21.2
A064040516	10.24589744	30.1	27.1
A064041360	6.614783418	26.8	23.8
A064041528	7.909600051	20	18.3
A064041587	4.945052228	21.8	20.7
A064041634	8.670515219	20	19
A064043066	4.999997222	20.2	18.1
A064043531	6.629830591	21.2	18.8
A064043567	5.813950108	20.6	19.1
A064043842	2.684561957	17.3	15
A064044576	10.41666124	19	16.8
A064045267	6.147538464	27.2	26.3
A064048791	8.49999575	25.5	22.8
A064048817	6.730765995	25	21.7
A064048875	5.294114533	19	17.1
A064049287	9.090902734	17.7	16
A064049623	7.0631944	34	30.5
A064049795	6.918234643	17.8	16.2
A064050282	1.234567139	18.9	16.3
A064051078	5.53191254	25.4	22.5
A064052293	3.846151733	20.4	18.4
A064052345	10.61451921	22.3	19.7
A064052862	2.94117474	19.2	17.4
A064054321	4.958675637	28.3	24.2
A064055293	8.196717952	29	25.8
A064056094	8.571423673	21.4	17.9
A064056577	5.963300017	24.4	22.7
A064058052	6.113534448	27.5	24.9
A064058582	5.970146284	22.4	21.6
A064060121	8.457707235	21.6	20.5
A064060295	8.771924695	21.3	20.1
A064060327	8.560307953	31.2	29
A064060854	4.444441975	21.7	19.7
A064061014	8.755756334	25	24.6
A064061349	9.871240399	26.8	23.1
A064063035	7.291664135	31.6	29.3
A064063789	9.829055629	28.2	26.2
A064063846	9.661831081	24.3	22.4
A064064260	8.888883951	21.3	18.5
A064064564	8.906878985	31.9	25.9
A064065775	10.36584734	18.9	16.8
A064066630	7.407403978	24.5	23.1
A064069120	7.692303466	20.1	18.6
A064069267	8.139530151	19.4	17.3
A064071530	10.19607443	28.6	25.9
A064075846	5.418716543	24.2	23.6
A064076342	4.428042646	30.6	27.8
A064076804	6.177603792	29.7	28
A064077266	7.860258576	27.3	27.4
A064078810	2.732238944	22	22.6
A064078828	5.882349796	NA	20.3
A064079095	5.789470637	20.6	19.6
A064079264	5.494502476	21	19.2
A064079620	7.473306949	32	30
A064080080	7.0631944	29.1	26.6
A064080116	5.494502476	20.6	18.8
A064082263	4.838707076	20.2	18.1
A064082565	3.571426749	24.8	22
A064083035	3.124998047	19.3	17.5
A064083040	6.382975328	21.3	18.5
A064083527	5.263154817	18.4	16.8
A064084004	12.58992353	30.6	27.3
A064086019	4.761902494	26.3	25.3
A064086340	NA	20	19.1
A064086849	8.333330026	28.5	25.6
A064087000	NA	29.6	27.8
A064087605	10.59907346	25.2	23
A064087615	7.011067524	31.2	27.4
A064087792	9.999996	29.7	25.7
A064087887	9.039542916	18	16.6
A064088625	NA	24.7	22.5
A064089073	7.905135215	29.4	26.1
A064090082	4.5112765	31	28.1
A064091372	8.636359711	NA	28.6
A064091789	3.355702446	17	16
A064091868	9.99999375	16.8	16.1
A064092094	6.976741482	28	26
A064092602	10.15624603	27.8	26.3
A064092816	12.68115483	30.7	28.9
A064093317	4.999997917	28.4	25.1
A064093534	11.25540638	25.6	23.1
A064093789	6.862741734	21.9	19.5
A064094852	5.498279897	33.3	NA
A064095000	4.678359837	18.2	17.4
A064095813	NA	32.3	29.8
A064096096	6.31578615	21.4	19.4
A064096308	6.148865324	36.3	34.4
A064096588	8.152169483	19.6	18
A064096779	7.287446442	29.7	26.3
A064096847	4.591834392	22.5	21.1
A064097296	4.022986194	19.5	16.8
A064097308	5.633800172	24	21.9
A064098032	6.56565325	21.9	19.6
A064098105	6.437765477	27.8	24.6
A064099635	11.55778314	21.4	19.2
A064099868	5.464477888	19.8	17.7
A064100014	9.139780032	20.9	NA
A064100034	8.407075926	25.1	23.7
A064100052	4.9999975	22	20.6
A064270063	13.11474693	20.8	19.4
A064537581	6.34920383	27.8	25.8
A064575795	7.182316474	NA	17.9
A064610602	10.66666193	26.8	24.7
A064768831	NA	22.7	20.4
A064779520	4.605260128	18.8	NA
A066785298	7.727269215	26.6	24.1
A066785804	10.78837727	27.4	23.9
A066785836	4.081630571	21.4	20
A066786115	7.49999625	21.3	19
A066786789	4.743081129	28.9	26.5
A066789044	3.88349326	22.2	21.1
A066789843	5.649714322	19.5	18.6
A066790013	4.142009383	23.2	20.7
A066790024	3.208554434	NA	23
A066790098	8.9999955	NA	25.3
A066790264	7.112967735	25.5	24.7
A066790379	8.376958965	21.3	19.8
A066790801	7.499995313	17.6	15.7
A066791380	2.577318259	21.8	20.7
A066791575	9.205017069	27	25.6
A066792340	NA	23.8	22.6
A066792597	8.670515219	20.9	16.1
A066794637	11.76469959	20.8	18.1
A066800554	2.808987186	22.8	22.3
A066801016	5.325440636	19	16.9
A066801375	6.153842998	21.5	20.5
A066802555	5.617974372	19	17.5
A066803325	7.216491126	22	19.8
A066805368	6.989243554	20.6	18.2
A066806793	7.812495931	22.2	20.4
A066807536	4.854366576	22.4	21.7
A066807555	8.235290888	28.5	26
A066808025	7.339446175	26.3	24.9
A066808110	6.372545896	NA	22.9
A066809045	7.558135141	20.1	16.8
A066809562	5.291002492	23.2	21.8
A066809799	9.547733896	21.4	18.2
A066814105	7.522120565	25.8	23.6
A066817813	4.487176611	16.7	15.9
A066817873	7.555552198	NA	25.6
A066818853	4.117644637	22.7	18.9
A066819046	9.134610993	NA	23.9
A066819768	9.947638771	20.4	19
A066820593	6.707312983	19.1	18.6
A066821828	5.714282993	NA	23.2
A066822063	7.582934795	25.7	23.9
A066822099	8.510634676	26.7	25
A066822351	0.735293577	20	20.2
A066822355	6.976740941	24.4	22.6
A066822863	4.687496338	17.2	NA
A066824834	7.0631944	NA	32
A066825097	9.150320817	16	14.3
A066825315	6.043952723	20.5	18.7
A066825380	1.764704844	20	18.4
A066825627	NA	25.2	NA
A066828799	5.581392753	24.6	22
A066832891	6.880730789	24.5	NA
A066837052	6.54761515	18.5	16.2
A066837307	6.593402971	NA	18.9
A066837877	NA	29.2	26.3
A066840813	4.263564239	29.4	27.2
A066841537	5.319146107	20.2	19.1
A066841802	2.840907477	NA	NA
A066844305	6.572766867	NA	24.6
A066846295	6.965170664	NA	24.8
A066851355	6.880730789	25.8	23
A066851796	NA	28.1	26.1
A066851861	5.445541859	23.8	20.3
A066852564	3.14465211	19	17.3
A066853001	7.428567184	19.8	17.8
A066853355	8.878500524	24.8	23.8
A066853855	9.302321255	24.5	23.1
A066853869	NA	30.8	27.6
A066856049	3.743313506	22.1	19.7
A066856381	6.756752191	17.7	15.8
A066857770	7.772016698	22.4	21.1
A066859097	NA	21.1	17.5
A066859275	4.291843652	26	23.1
A066860531	5.652171456	26.5	24.5
A066860558	10.04565751	23.8	20.6
A066860873	7.777773457	20	17.8
A066861069	7.38635944	22	18.2
A066861843	4.694833477	26.2	24.6
A066862073	NA	29.7	26.6
A066862514	8.196716832	NA	20.3
A066867291	5.95237859	30.4	27.1
A066868872	5.676853416	27.7	26.9
A066871358	4.324321987	23.4	22
A066871529	8.415837418	20.6	19.1
A066872103	9.268288162	22.8	20.8
A066872821	3.428569469	19.2	17.3
A066873093	NA	26	24.6
A066880257	7.425738898	22.6	19.7
A066881888	7.22221821	20.9	18.4
A066882048	3.508769878	20.6	17.7
A066882524	7.499997321	30.5	28.1
A066883637	9.787229878	27.2	25.9
A066885108	7.514446523	18.5	16.5
A066886308	9.469693383	24.4	NA
A066886537	6.382975328	19.8	19.3
A066886589	7.179483498	21.4	19.1
A066886776	4.73372501	NA	17.1
A066887568	3.191487664	21.5	19.3
A066887872	7.655498729	NA	19.4
A066888090	6.198344546	27.5	24.9
A066889358	6.072872035	26.4	25
A066889543	6.698561388	24.1	22.8
A066889855	9.844554485	22.6	20.7
A066890083	5.365851041	21.6	19.9
A066891006	12.15468942	19.1	17.4
A066891127	5.752209844	26	23.9
A066891298	5.687201096	25	23.1
A066891579	6.310676548	21.7	20
A066891591	6.666662963	20	18.2
A066892091	8.376958965	NA	19.3
A066892518	4.329002455	27.4	24.4
A066892533	5.917156262	20.8	19
A066892790	4.721028017	27.7	25.1
A066892811	3.181816736	26.2	23.6
A066893123	5.714281633	16	15.1
A066893263	9.239125414	22.6	20.7
A066893338	8.866990706	NA	22.9
A066893828	7.307689497	27.3	26.2
A066894353	7.0707035	24.5	23
A067001023	8.333329475	23.5	21.9
A067001120	8.510634676	31.3	27.7
A067001512	4.385962989	25.6	23.7
A067001514	11.41731834	27.4	25.3
A067004612	NA	26.3	NA
A067005820	4.89130169	22.7	21.3
A067006527	7.729464865	22.4	20.9
A067007042	9.132415921	25.1	22.1
A067010543	6.329111254	27.4	25.9
A067011052	7.10900137	24.3	21.6
A067011548	5.357139668	18.1	NA
A067012124	8.561640904	30.9	27.8
A067012324	10.447756	26	23.7
A067012781	7.272722865	18.3	15.6
A067013857	NA	18.8	17.6
A067014002	6.730765995	25.5	23.5
A067014773	4.39560198	23.2	21.4
A067015784	0.69930021	15.4	14.9
A067017877	7.954540935	19	17.5
A067018569	6.274507343	29.7	26.4
A067018865	5.447468697	30.5	28.3
A067019015	6.787327246	24.7	22.4
A067019281	7.860258576	27.7	24.6
A067019627	7.428567184	15.7	16.9
A067019829	8.79999648	28.5	24.5
A067021522	6.934304039	30.2	26.7
A067022872	3.636361433	19.5	17.7
A067023636	8.239697289	28.6	25.9
A067023796	8.597281178	24.6	23.4
A067025100	6.274507343	27.4	24.6
A067025868	4.419887061	19	17.4
A067025880	6.382975328	NA	19
A067026018	1.704544486	18.5	16.9
A067026279	7.75193498	26.1	24.7
A067026294	8.510633771	NA	20.7
A067026328	NA	27.5	26.1
A067026336	8.854162055	26.9	20.8
A067026625	6.30251836	26	23.4
A067027301	8.960570265	30.4	26.9
A067028317	4.487176611	17.8	16.8
A067028352	4.878046401	24.4	22.3
A067028847	4.494379498	18.1	16.7
A067029291	NA	23.3	24.8
A067030768	4.417668909	27.8	25.3
A067030853	8.219174329	26.8	24.2
A067031089	6.692910751	28	26.3
A067032313	7.253882252	24.1	22.1
A067033024	10.83743309	23.1	19.6
A067033821	NA	16	14.5
A067034065	6.338023706	15.3	13.7
A067034293	5.08474289	19.9	18.5
A067035068	7.303366684	20.3	18.2
A067035071	NA	26	NA
A067035294	4.54545225	24.4	22
A067038341	5.535053308	31	28.1
A067039304	2.766797325	29	27.7
A067040812	5.990780649	25.6	23.7
A067041079	7.821224681	20	17.7
A067041379	10.66666193	24.6	22.9
A067042073	0.595237741	20.2	17.7
A067042331	4.977373313	26.3	24.1
A067043333	2.985073142	21.4	19.8
A067043528	3.821653617	18.6	16.6
A067043604	9.58332934	27.3	24.3
A067044113	3.365382997	25.4	22.7
A067052379	4.123709215	21.3	19.8
A067052871	6.425700231	29.8	27.3
A067054621	10.27396908	30	26.9
A067054794	10.09614899	25.1	22.5
A067054841	3.626941126	24.2	22.9
A067056015	3.636361433	18.1	16.5
A067056291	5.309732164	25	22.4
A067057327	6.467658474	23	19.9
A067058613	5.649714322	19.7	18
A067059802	4.721028017	25.6	23.9
A067060370	NA	22.5	20.6
A067061808	3.53535175	23.3	22.2
A067063288	4.487176611	17.8	16.3
A067063313	5.882349481	19	16.2
A067063876	5.17241082	18.2	16.2
A067067814	6.698561388	22.9	20.3
A067068127	6.751052004	27	24.5
A067073289	1.807227827	20.3	17.9
A067076637	5.405402484	21.4	19.3
A067076869	NA	21.6	20.2
A067077564	NA	30	29.5
A067078301	8.088232321	30.4	27.1
A067078340	8.771925977	24	22.8
A067078777	11.15537404	26	23.7
A067079580	1.226993112	18	17.7
A067079792	4.790416293	21.7	20
A067080099	6.49999675	20.7	19.9
A067080581	NA	19.1	17
A067081094	5.376341196	NA	21.5
A067081584	9.278345733	20.4	19.4
A067082791	6.726454383	26	24.1
A067083019	8.724826359	16	14.8
A067084043	7.333328444	16.6	15.4
A067085307	6.470584429	19.2	17.8
A067086003	3.260867793	20.1	18.1
A067086264	4.968941013	17.2	16.4
A067086368	5.641022748	22	20
A067087083	NA	23.1	21.4
A067087359	7.999996	24.4	NA
A067088050	10.07751547	29	27.1
A067088260	5.429861796	25.8	23.9
A067088817	NA	21.2	19.5
A067089071	9.59595475	22.7	NA
A067089522	8.646613291	29.3	27.1
A067089542	5.820102741	22	19
A067089584	NA	23.7	21.1
A067089597	2.424240955	19.3	17.3
A067091318	10.55554969	19.3	18.8
A067091793	8.108104456	24.9	22
A067092301	5.288458996	25.3	23.5
A067092841	6.698561388	22.5	21.5
A067092870	9.69696382	NA	18.9
A067093029	10.21276161	26.2	24.3
A067094078	8.429115544	30	27.4
A067094126	6.167398164	26.2	24.4
A067095101	9.712226722	31.6	28.2
A067095773	3.529409689	22.2	20.9
A067096018	7.692304578	NA	27.1
A067098057	11.83431252	18.4	16.9
A067098816	5.759159288	22.2	20.2
A067099022	3.482585332	22.1	20.4
A067099043	9.049769661	26.4	23.2
A067099783	4.444441975	21.5	20.1
A067099841	NA	28	26
A067100524	6.914889939	20.8	20.2
A067103315	5.78034348	20.6	18.1
A067103887	6.779657187	20	17.6
A067104348	NA	29.5	27.1
A067104802	NA	27.1	25.7
A067106356	6.282719224	NA	19.3
A067107007	4.812831651	23.6	21.2
A067107069	NA	22.6	20.4
A067107590	10.47119871	23	20.6
A067109370	1.265821984	17.8	17
A067109611	8.928567443	25.4	22.9
A067109771	5.645159014	27.3	26.1
A067111287	5.909088223	26.2	23.4
A067113538	6.79999728	29.4	27
A067113811	0.448430292	27	25.5
A067114278	1.398600421	NA	15.7
A067115002	3.205126151	NA	18.5
A067115563	3.921566705	23.4	20.7
A067116556	6.334838763	26.4	24.7
A067116848	5.555552469	21.2	18.2
A067117026	9.745758582	27.6	25.3
A067117351	4.89130169	20.7	18.4
A067117798	5.527635413	20.7	18.5
A067117838	4.736839612	22.6	21.6
A067117882	5.464477888	23	22
A067118074	4.39560198	19.3	18.2
A067118871	4.5685256	21.7	19
A067118882	NA	26.4	24
A067118890	7.106595377	23	19.7
A067119082	5.208330621	21.4	19.5
A067119610	4.845812843	24.2	22.2
A067120600	7.017540782	25.2	23.1
A067121332	9.039542916	NA	19
A067121382	11.36363206	29.4	25.9
A067121769	6.382975328	20.8	18.7
A067122316	7.100587514	18.5	17.3
A067256874	5.263155125	20.7	19.3
A067257074	8.185050468	31.5	27.8
A067257117	4.390241761	22.6	20.9
A067259573	6.854835946	26	24.6
A067259618	4.9999975	23.3	20.8
A067259785	5.853655681	23.4	21.1
A067260382	7.57575375	23.6	22.4
A067266284	3.409088972	21.9	20.3
A067268806	8.176095487	16.8	15.9
A067271542	5.917156262	20.6	17.7
A067273277	4.812831651	21.4	19.7
A067275045	4.575160408	18.1	17.2
A067276121	7.826083554	26.4	25.6
A067276309	5.641022748	21.9	20.4
A067276783	6.918234643	16.9	16.1
A067277521	10.0558603	21.3	19.1
A067277793	2.577318259	20.6	20.2
A067277806	4.605260128	18	17.3
A067278534	4.545451594	18.6	16.4
A067279373	8.045972387	20	16.9
A067281259	6.329111254	25.9	24.6
A067281559	7.920788158	23.5	20
A067284103	NA	19	17.4
A067284545	3.246751138	17.6	15.6
A067284590	8.092480871	23.9	20.7
A067285354	5.43478064	30	27.9
A067285801	8.333329248	23.2	21.8
A067289112	9.359601301	25.8	24.1
A067290788	6.282719224	23.6	22.5
A067290795	8.189651642	27.3	25.4
A067291774	6.79999728	NA	27.4
A067291818	10.09173849	24.2	NA
A067292638	3.124998372	23.2	22.2
A067292795	7.75193498	28.4	24.6
A067292874	9.090903926	NA	19.2
A067293358	5.298009736	18.4	17
A067294326	5.13833789	28.7	26.5
A067294370	3.44827388	20.6	18.5
A067295328	NA	25	24.6
A067295564	6.043952723	19.7	18.2
A067296011	3.636361433	18.7	17.2
A067296099	3.571426749	21.6	20.5
A067296859	5.699478912	21.3	18.9
A067298634	NA	20	18.4
A067299070	10.64814322	22.3	21.1
A067299810	4.975121903	23	19.9
A067299835	10.98484432	29.8	26.7
A067300011	4.571425959	18	17.3
A067300869	4.191614257	NA	18.4
A067301357	10.08771487	27.7	25.5
A067301560	9.459455198	25	21.8
A067301616	2.717389828	20.9	19.3
A067301776	9.009004951	24.5	23.5
A067301793	5.464477888	20.7	19.8
A067302041	6.508871888	21.4	19.5
A067302081	7.377046157	27.3	25.4
A067302541	10.1063776	24.6	22.5
A067302818	8.108103725	20	17.8
A067303053	8.552625952	18.3	16.4
A067303587	7.352937572	21.3	19.6
A067303813	8.064512877	28	24.9
A067303847	NA	27.4	25.4
A067303857	NA	17.4	16.1
A067304522	3.749998438	26.6	23.3
A067304542	2.352939792	18.6	17.4
A067304848	8.988758995	19.3	17
A067304885	11.68830663	NA	27.9
A067305066	5.882350058	23.7	21.7
A067305333	11.79774618	21	18.3
A067305352	7.758617345	25.5	24.6
A067305543	7.878783104	NA	17.2
A067306015	9.059230293	32	28.5
A067306302	9.638548411	18.4	17.3
A067306338	5.855853218	25.8	24.4
A067306375	6.395345119	19.7	18.7
A067306573	7.488983485	27	24.1
A067306625	5.703419885	27.6	26.8
A067306626	9.128626918	27	25.3
A067306825	4.694833477	25.7	23.4
A067307590	7.602334735	19.9	16.3
A067308778	9.016389747	27	24.8
A067308813	9.036139135	19.3	16.6
A067309299	7.22221821	NA	20.8
A067309323	9.374995815	25.4	22.9
A067309526	4.888886716	25.2	23.4
A067310358	7.905135215	29.2	26.8
A067310562	NA	20.6	20.3
A067310570	3.652966369	25	23.8
A067310594	6.451609435	22.4	20.3
A067311005	4.081630571	22.2	20.2
A067311866	5.847949797	19.4	17.9
A067313019	5.243443729	31.6	29.2
A067316112	6.34920299	21.6	19.4
A067317335	7.723574096	28	25.9
A067320280	9.478668494	23.3	21.8
A067320288	8.018864142	26	23.4
A067320841	2.764975684	25.1	21.7
A067320889	7.327583048	26	25.6
A083559041	2.450979191	23.2	21.4
A083564373	3.030301194	18.7	16.9
A083568891	5.769227996	22.4	20.2
A083583043	7.65305732	21	19.1
A083583091	5.699478912	20.4	19.5
A083583382	8.152169483	20.7	19.1
A083595329	7.906973067	23.7	21.5
A083609520	2.717389828	20.8	18.4
A083611550	11.32074938	22.5	20.6
A083611594	10.15227911	21.7	19.8
A084121087	5.472634093	21.4	18.8
A084123535	7.116102204	30.8	NA
A084124115	13.17072528	20.6	18.2
A084124302	4.687498169	29.3	25.9
A084124373	NA	20.7	18.5
A084124622	6.010925677	19.4	17.4
A084124633	8.778622604	29	27.7
A084124895	7.023409022	32.7	30.9
A084125270	5.479449553	NA	23.8
A084125374	8.185050468	32.6	29.7
A084125523	7.346935777	26.4	25.7
A084125534	6.018515732	23.6	22.7
A084125547	3.015073862	22	19.5
A084125622	6.463875869	29	26.5
A084125819	7.364338231	26.5	24.5
A084125831	5.853655681	23.1	17.2
A084126009	6.756754474	30.4	26.9
A084126030	5.53191254	27	NA
A084126070	4.059039093	31.7	29.8
A084126082	5.687201096	21.5	20.6
A084126103	8.759120891	30.8	27.2
A084126106	12.79999488	28.3	25.4
A084126126	7.116102204	28.8	28.1
A084126258	5.536330264	32.3	30
A084126295	6.506847087	31.7	28.8
A084126307	4.864862235	21.7	NA
A084126319	8.30188366	28	26.3
A084126369	4.382468374	27	24.3
A084126374	8.108104978	29.2	25
A084126549	11.58300711	26.7	23.8
A084126554	4.390241761	21.5	20.9
A084126577	3.515623627	28.1	25.5
A084126585	7.142853499	20.3	NA
A084126609	3.716214961	33.2	33.3
A084126630	10.16259749	27.4	24.6
A084126634	9.349589695	27.5	24.9
A084126638	5.701751885	24.7	24.2
A084126773	11.33332956	34.6	31.1
A084126777	5.687201096	NA	19.9
A084126810	7.172992754	26.4	23.6
A084126813	5.4151605	31	28
A084126850	8.823525704	25	22.7
A084126878	4.390241761	23.7	22.4
A084127001	7.279690697	28.9	26.2
A084127009	4.73372501	20	18.1
A084127010	7.441857004	21.8	20.8
A084127029	8.212556419	24.2	NA
A084127030	11.03202454	30.6	27.1
A084127033	6.593402971	19.2	18.3
A084127034	6.938772678	26.3	23.3
A084127035	4.270461114	33.1	31
A084127041	8.81225716	28.8	25.3
A084127047	7.228912759	28.8	18.7
A084127055	7.281549863	23.3	20.3
A084127065	9.163342963	NA	18.5
A084127079	5.901637409	32.4	30.1
A084127091	5.454543471	31.2	28.6
A084127094	0	17.3	15.9
A084127102	4.433495353	24.5	23.1
A084127110	5.154636518	22.2	18.9
A084127121	4.651160627	21.3	21.4
A084127262	1.746724128	25.4	24.5
A084127271	2.109703751	28.8	26.2
A084127285	5.612242035	22.5	20.1
A084127286	NA	26.8	25.3
A084127294	5.936070349	25	23.8
A084127295	7.865164121	20	17.9
A084127367	5.333330963	27.2	24.9
A084127379	8.064512877	26.1	24.1
A084127515	9.465016681	27.2	24.2
A084127546	NA	NA	NA
A084127585	8.527128478	28.2	26.8
A084127597	11.46244606	26	24.2
A084270338	5.862066944	33.3	31.5
A084270578	NA	26	24.1
A084270587	9.090904229	20.2	17.8
A084270589	4.040402	20.8	19
A084270590	10.75696783	26.3	NA
A084270629	7.112967735	27.7	25.4
A084270774	8.11965465	27	23.9
A084270895	4.5112765	27.1	17.6
A084271009	11.1913317	30	26.8
A084271039	6.077344709	20.2	18.7
A084271049	6.060603	22.4	18.9
A084271063	6.827306495	27.4	25.9
A084271100	11.63792602	25.5	22.7
A084271110	0.766283231	29.4	26.3
A084271126	12.33479633	23.8	21.6
A084271347	6.341460321	22.3	20.5
A084271369	9.961682007	29.8	26.2
A084271372	7.241376813	32.9	30.5
A084271374	6.190473243	21.2	25.9
A084271526	2.469134278	17.9	16.9
A084271536	7.987217895	33	30.5
A084271554	5.263155916	28.4	27
A084271577	NA	NA	19.7
A084271579	7.179483498	23.5	21
A084271613	5.725188655	29.2	26.3
A084271615	9.767437317	23.2	20.5
A084271822	3.124998605	25.1	23.9
A084271826	5.65370825	30.9	28.2
A084271831	10.4477573	30.5	24.3
A084271851	8.108103725	20.3	18.6
A084271874	4.368929918	23	21.8
A084271877	8.333330177	27.8	25
A084271878	2.499998438	18.5	17.3
A084271879	5.109487186	30.7	27.8
A084279514	5.43478064	29.7	27.7
A084279523	8.080804	22.8	20.1
A084279557	9.999996552	31.2	27.3
A084279561	NA	21.5	20.2
A084279591	5.454542149	18.2	16.3
A084279596	8.230449288	25	23.3
A084279598	7.086611383	28.5	26.3
A084279770	3.278687181	25.7	23.4
A084279806	6.329111254	27.3	24.4
A084279842	NA	17.6	16.5
A084279851	8.837205192	23	25
A084280034	3.964755963	23.6	22.1
A084280038	9.3862782	30.225	28.3
A084280051	6.953640082	35.8	32
A084280061	5.181344466	22	17.9
A084280063	6.692910751	26.9	25
A084280066	5.603445861	25	23
A084280069	6.028366657	31.8	30.5
A084280071	5.447468697	30.3	28.4
A084280094	4.705880507	28.2	27
A084280119	7.831320584	18	15.5
A084280124	8.021386085	18.9	17.4
A084280262	NA	NA	19.6
A084280270	5.508472242	26.7	25.2
A084280274	6.896548751	25.9	24.5
A084280275	7.812495931	21	18.4
A084280329	5.12820325	30	27.6
A084280342	1.923075999	25.8	23.1
A084280362	6.488547142	28	25
A084280536	6.030147724	21.3	18.6
A084280554	6.214685754	19.4	18.2
A084280565	3.012046378	18.6	16.6
A084280571	7.943921522	25	19.7
A084280574	8.917194612	35.6	31.5
A084280601	5.166049754	29.3	28.3
A084280614	6.425700231	29.2	26.4
A084280619	3.846151733	18.8	16.9
A084280626	7.731954777	NA	18.1
A084280627	3.260867793	20.7	18.1
A084280786	5.405403318	28	25.9
A084280829	7.903777353	30.3	28.1
A084280832	6.488547142	29	27.6
A084280842	5.188676798	22.1	20.9
A084280886	4.663210019	21.7	19.8
A084281011	4.932733214	26	23.5
A084281018	8.988758995	18.2	16.8
A084281046	9.923660334	29	25.7
A084281887	NA	NA	19.7
A084282637	4.975121903	20.5	19.8
A084282869	7.434941474	29.4	27.6
A084283770	NA	38	35.7
A084284329	3.755866781	23.3	20.6
A084284333	3.048778629	NA	19.3
A084284360	8.754205807	31	27.6
A084284365	5.555553627	33.1	30.3
A084284533	5.405402484	18.8	17
A084284539	5.579396747	27.5	24.8
A084284540	NA	21.5	20.1
A084284551	11.07142462	29.1	26.1
A084284561	5.555552984	23.6	21.5
A084284566	3.584228106	29.6	26.9
A084284570	3.135887409	33	31.5
A084284577	6.909088397	34	29.7
A084284635	9.523805401	25.4	22
A084284769	2.830187344	23	21.1
A084284777	8.490562033	25.4	23.9
A084284804	6.410253671	25.5	22.6
A084284816	5.17241082	19.8	NA
A084284823	7.142854308	29.3	26.4
A084284841	11.78343574	36.9	32.6
A084284842	7.421872101	28.4	25.3
A084284848	7.142853741	21	19.2
A084284887	8.284018767	19.1	17.7
A084285001	9.219854887	29	27.5
A084285015	7.327583048	25.7	NA
A084285035	2.475246299	21.5	19.8
A084285039	6.92307426	29	25.7
A084285095	7.79816156	26.6	24.4
A084285098	1.176469896	NA	21.9
A084285109	4.545451963	19.6	16.9
A084285310	5.964910188	31.2	29.2
A084285327	9.236944082	27.2	23.9
A084285328	6.097557258	17.6	17
A084285331	5.622487702	26.6	24.3
A084285341	6.106867898	29.9	26.7
A084285514	8.743164621	20.3	18.9
A084285515	2.980131464	34.5	31.8
A084285530	2.747251238	NA	18.5
A084285552	7.142853954	23.7	21
A084285554	7.999996444	NA	22.6
A084285587	4.897957185	27.6	26.2
A084285591	12.06896032	26.1	23.3
A084285629	7.179483498	21	18.6
A084285633	7.19999712	27.8	26.5
A084285786	6.4981926	30.4	NA
A084285787	7.758617345	25.5	22
A084285812	10.98900696	30.9	28.2
A084285820	7.575754706	29.3	27
A084285850	12.85713827	30.1	26.2
A084285862	7.936504787	30	27.7
A084285868	7.441857004	25.1	22.8
A084285891	5.188676798	22.8	21.7
A084286061	5.228754752	16.6	15.7
A084286071	6.222219457	26.8	24.4
A084286106	3.284670334	29.3	26.5
A084286107	7.812496948	28.3	25.5
A084286127	3.548385952	33.7	31.7
A084286258	6.854835946	27.3	25.5
A084286265	4.651160087	17.8	25.9
A084286286	7.777773457	19	17.1
A084286350	5.19999792	27.2	24.7
A084286354	6.866949843	27.1	24.8
A084286365	7.986108338	31.5	28.6
A084286374	5.603445861	25.6	23.5
A084286378	8.461535207	31.4	28.3
A084286518	5.639095624	31.2	27.8
A084286519	NA	37.3	34.6
A084286523	7.719295537	31.3	NA
A084286550	4.819274205	18.9	17.5
A084286581	4.739334247	21.8	NA
A084286587	9.756091612	17.9	16.1
A084286598	6.763281757	23.1	20.8
A084286619	7.749074631	24.7	26.7
A084286625	NA	24.7	23.2
A084286629	5.109487186	30.8	28.9
A084286771	4.329002455	25.5	23.8
A084286782	5.113633458	NA	18.1
A084286803	10.23255338	23.3	22.1
A084286806	8.433731553	27.2	24
A084286862	5.395681512	33	30.7
A084286879	7.305932737	23.9	21.3
A084286885	3.781511016	27.6	25.1
A084287026	7.65305732	21.2	NA
A084287046	NA	17.6	17.7
A084287050	7.317070621	31.4	29.2
A084287053	7.57575375	21.7	19.6
A084287257	5.490193925	29.1	25.8
A084287315	2.369667123	23.7	22.2
A084287354	10.52631183	31.2	26.7
A084287365	8.673464963	21.8	NA
A084287516	5.555552469	19.9	17
A084287630	4.9999975	22	23.7
A084287792	6.766914749	30.3	27.8
A084288028	NA	19.5	18.7
A084289027	4.591834392	NA	24.7
A084290318	7.116102204	29.2	28
A084290360	8.791205571	28.8	26.4
A084290531	9.691625687	25.3	23.1
A084290788	6.617644626	29.1	27.4
A084291310	7.301584984	36.2	33.4
A084291352	5.555553627	30.8	28.5
A084291356	8.370040366	25.7	24.4
A084291611	NA	19.5	18.1
A084291618	5.490193925	28.7	26.4
A084291628	6.024093966	27.7	26.6
A084291785	6.440675783	31.6	29.4
A084291787	9.292031287	24.6	22.3
A084292044	5.338076392	32.5	28.5
